1 0.0000 503.2620 614.1276 133.9163 21.8000 0.0091 0.0000
2 1.4612 505.4486 528.5777 117.5237 21.7833 0.0098 -2.2451
3 2.9223 507.6447 454.9451 103.4272 21.7653 0.0107 -4.1753
4 4.3835 509.8503 391.5698 91.3064 21.7458 0.0116 -5.8345
5 5.8447 512.0655 337.0229 80.8854 21.7246 0.0125 -7.2606
6 7.3058 514.2903 290.0746 71.9269 21.7017 0.0136 -8.4861
7 8.7670 516.5248 249.6663 64.2265 21.6768 0.0147 -9.5391
8 10.2282 518.7690 214.8870 57.6086 21.6499 0.0159 -10.4435
9 11.6893 521.0229 184.9525 51.9215 21.6208 0.0172 -11.2203
10 13.1505 523.2866 159.1880 47.0351 21.5892 0.0187 -11.8873
11 14.6117 525.5602 137.0126 42.8372 21.5550 0.0202 -12.4598
12 14.6893 525.3740 137.7249 0.0000 21.5579 0.0201 -12.4859
13 14.7670 525.1868 138.4369 0.0000 21.5608 0.0200 -12.5128
14 14.8447 524.9987 139.1487 0.0000 21.5637 0.0198 -12.5399
15 14.9223 524.8096 139.8601 0.0000 21.5666 0.0197 -12.5672
16 15.0000 524.6196 140.5714 0.0000 21.5695 0.0196 -12.5946
